R1 = 1.00377057233 
R2 = 2.0694578747 
R3 = 3.11494140037 
R4 = 4.19664806451 
R5 = 3.09643940177 
R6 = 2.09919602758 
R7 = 1.00620732709 
Va = 5.03993052267 
Id = 1.0174579624 
Kb = 7.16450079517 
Kc = 8.22132225609
