R1 = 1003.77057233
R2 = 2069.4578747
R3 = 3114.94140037
R4 = 4196.64806451
R5 = 3096.43940177
R6 = 2099.19602758
R7 = 1006.20732709
Va = 5.03993052267
Id = 0.0010174579624
Kb = 7.16450079517
Kc = 8.22132225609
